<?xml version="1.0" encoding="utf-8"?>
<COLLADA xmlns="http://www.collada.org/2005/11/COLLADASchema" version="1.4.1">
  <asset><contributor><author>Mixamo</author><authoring_tool>COLLADA Mixamo exporter</authoring_tool><comments></comments></contributor><created>2019-05-01T12:32:30Z</created><modified>2019-05-01T12:32:30Z</modified><revision></revision><title></title><unit meter="0.010000"/><up_axis>Y_UP</up_axis></asset>
  <library_animations>
    <animation id="Hips-anim" name="Hips"><source id="Hips-Matrix-animation-input"><float_array id="Hips-Matrix-animation-input-array" count="99">

0.000000 0.033333 0.066667 0.100000 0.133333 0.166667 0.200000 0.233333 0.266667 0.300000 0.333333 0.366667 0.400000 0.433333 0.466667 0.500000
0.533333 0.566667 0.600000 0.633333 0.666667 0.700000 0.733333 0.766667 0.800000 0.833333 0.866667 0.900000 0.933333 0.966667 1.000000 1.033333
1.066667 1.100000 1.133333 1.166667 1.200000 1.233333 1.266667 1.300000 1.333333 1.366667 1.400000 1.433333 1.466667 1.500000 1.533333 1.566667
1.600000 1.633333 1.666667 1.700000 1.733333 1.766667 1.800000 1.833333 1.866667 1.900000 1.933333 1.966667 2.000000 2.033333 2.066667 2.100000
2.133333 2.166667 2.200000 2.233333 2.266667 2.300000 2.333333 2.366667 2.400000 2.433333 2.466667 2.500000 2.533333 2.566667 2.600000 2.633333
2.666667 2.700000 2.733333 2.766667 2.800000 2.833333 2.866667 2.900000 2.933333 2.966667 3.000000 3.033333 3.066667 3.100000 3.133333 3.166667
3.200000 3.233333 3.266667</float_array><technique_common><accessor source="#Hips-Matrix-animation-input-array" count="99"><param name="TIME" type="float"/></accessor></technique_common></source><source id="Hips-Matrix-animation-output-transform"><float_array id="Hips-Matrix-animation-output-transform-array" count="1584">

0.730075 0.051056 -0.681457 -0.056205 0.002630 0.996988 0.077514 89.495811 0.683362 -0.058383 0.727742 -0.051757 0.000000 0.000000 0.000000 1.000000
0.730075 0.051056 -0.681457 -0.056205 0.002630 0.996988 0.077514 89.495811 0.683362 -0.058383 0.727742 -0.051757 0.000000 0.000000 0.000000 1.000000
0.732144 0.051373 -0.679210 -0.041335 0.000979 0.997071 0.076469 89.464325 0.681149 -0.056651 0.729950 -0.071134 0.000000 0.000000 0.000000 1.000000
0.735130 0.051858 -0.675939 0.023130 -0.002973 0.997307 0.073280 89.373878 0.677919 -0.051861 0.733305 -0.090354 0.000000 0.000000 0.000000 1.000000
0.737204 0.052278 -0.673645 0.148458 -0.007635 0.997583 0.069062 89.252571 0.675627 -0.045770 0.735822 -0.058689 0.000000 0.000000 0.000000 1.000000
0.739810 0.052429 -0.670769 0.342575 -0.013082 0.997892 0.063569 89.101189 0.672688 -0.038254 0.738937 0.061519 0.000000 0.000000 0.000000 1.000000
0.743068 0.051756 -0.667211 0.566574 -0.018875 0.998229 0.056412 88.950371 0.668949 -0.029324 0.742729 0.312879 0.000000 0.000000 0.000000 1.000000
0.745995 0.049743 -0.664091 0.812729 -0.023812 0.998561 0.048047 88.821281 0.665525 -0.020030 0.746106 0.701759 0.000000 0.000000 0.000000 1.000000
0.748916 0.046503 -0.661031 1.111573 -0.028454 0.998871 0.038033 88.727249 0.662054 -0.009674 0.749394 1.259843 0.000000 0.000000 0.000000 1.000000
0.750984 0.042215 -0.658969 1.487776 -0.032618 0.999108 0.026832 88.658813 0.659514 0.001344 0.751691 1.968443 0.000000 0.000000 0.000000 1.000000
0.752168 0.037424 -0.657908 1.935221 -0.036746 0.999215 0.014828 88.608063 0.657946 0.013022 0.752952 2.811171 0.000000 0.000000 0.000000 1.000000
0.749447 0.032592 -0.661262 2.481949 -0.042507 0.999096 0.001067 88.638962 0.660698 0.027308 0.750155 3.794153 0.000000 0.000000 0.000000 1.000000
0.742583 0.028192 -0.669161 3.090005 -0.048428 0.998759 -0.011663 88.790367 0.668001 0.041067 0.743026 4.950286 0.000000 0.000000 0.000000 1.000000
0.737885 0.024481 -0.674482 3.714523 -0.055318 0.998173 -0.024288 89.037270 0.672656 0.055232 0.737891 6.217442 0.000000 0.000000 0.000000 1.000000
0.727067 0.017039 -0.686355 4.411244 -0.065216 0.996886 -0.044337 89.431236 0.683462 0.076997 0.725914 7.509802 0.000000 0.000000 0.000000 1.000000
0.713817 0.012078 -0.700228 5.117352 -0.076386 0.995229 -0.060701 89.895653 0.696154 0.096817 0.711334 8.793536 0.000000 0.000000 0.000000 1.000000
0.697578 0.010541 -0.716431 5.751989 -0.087951 0.993590 -0.071017 90.380280 0.711090 0.112551 0.694034 10.021449 0.000000 0.000000 0.000000 1.000000
0.682818 0.010364 -0.730515 6.324156 -0.101003 0.991637 -0.080340 90.848152 0.723573 0.128642 0.678154 11.127400 0.000000 0.000000 0.000000 1.000000
0.672191 0.012199 -0.740278 6.826242 -0.114295 0.989588 -0.087476 91.310310 0.731503 0.143411 0.666586 12.162043 0.000000 0.000000 0.000000 1.000000
0.660594 0.014273 -0.750607 7.259876 -0.126180 0.987707 -0.092267 91.731758 0.740063 0.155663 0.654275 13.105130 0.000000 0.000000 0.000000 1.000000
0.649142 0.017946 -0.760456 7.563076 -0.136251 0.986297 -0.093031 92.061684 0.748365 0.164003 0.642692 13.997745 0.000000 0.000000 0.000000 1.000000
0.639060 0.020923 -0.768872 7.736369 -0.145236 0.984930 -0.093913 92.264832 0.755320 0.171684 0.632469 14.793698 0.000000 0.000000 0.000000 1.000000
0.630339 0.023403 -0.775967 7.797460 -0.153039 0.983677 -0.094650 92.344963 0.761086 0.178415 0.623632 15.452861 0.000000 0.000000 0.000000 1.000000
0.620558 0.021761 -0.783858 7.830251 -0.157622 0.982674 -0.097504 92.326965 0.768155 0.184060 0.613237 16.012957 0.000000 0.000000 0.000000 1.000000
0.611805 0.019619 -0.790765 7.853331 -0.162179 0.981566 -0.101123 92.357140 0.774205 0.190113 0.603709 16.618914 0.000000 0.000000 0.000000 1.000000
0.605149 0.018501 -0.795898 7.847947 -0.165324 0.980856 -0.102901 92.404121 0.778758 0.193851 0.596622 17.231403 0.000000 0.000000 0.000000 1.000000
0.599966 0.015714 -0.799871 7.787078 -0.164164 0.980950 -0.103865 92.326340 0.783001 0.193625 0.591116 17.749634 0.000000 0.000000 0.000000 1.000000
0.597821 0.012757 -0.801528 7.632877 -0.160607 0.981506 -0.104167 92.052086 0.785376 0.191004 0.588814 18.151018 0.000000 0.000000 0.000000 1.000000
0.597882 0.014542 -0.801452 7.474354 -0.162733 0.981217 -0.103594 92.027618 0.784892 0.192360 0.589018 18.638975 0.000000 0.000000 0.000000 1.000000
0.594627 0.014212 -0.803876 7.437500 -0.162823 0.981255 -0.103092 91.969955 0.787342 0.192190 0.585795 19.135693 0.000000 0.000000 0.000000 1.000000
0.585475 0.014990 -0.810552 7.384992 -0.165507 0.980981 -0.101407 92.028244 0.793616 0.193524 0.576821 19.719652 0.000000 0.000000 0.000000 1.000000
0.572646 0.012884 -0.819701 7.475356 -0.168467 0.980386 -0.102282 92.141464 0.802306 0.196664 0.563585 20.355619 0.000000 0.000000 0.000000 1.000000
0.553883 0.008430 -0.832552 7.714075 -0.173206 0.979239 -0.105316 92.431335 0.814379 0.202536 0.543844 21.118818 0.000000 0.000000 0.000000 1.000000
0.528325 0.001706 -0.849040 8.064977 -0.179309 0.977667 -0.109613 92.795074 0.829892 0.210151 0.516832 21.837240 0.000000 0.000000 0.000000 1.000000
0.501624 -0.004183 -0.865076 8.472232 -0.183670 0.976675 -0.111226 93.162270 0.845363 0.214683 0.489155 22.371725 0.000000 0.000000 0.000000 1.000000
0.484129 -0.006886 -0.874969 8.852318 -0.187711 0.975870 -0.111542 93.579231 0.854625 0.218243 0.471155 22.733633 0.000000 0.000000 0.000000 1.000000
0.483980 -0.008250 -0.875040 9.064515 -0.188862 0.975404 -0.113655 93.826599 0.854456 0.220268 0.470518 22.881174 0.000000 0.000000 0.000000 1.000000
0.490972 -0.010930 -0.871107 9.159050 -0.184704 0.975883 -0.116347 93.773186 0.851370 0.218020 0.477112 22.849630 0.000000 0.000000 0.000000 1.000000
0.496134 -0.013971 -0.868133 9.165659 -0.177200 0.977196 -0.116996 93.466965 0.849971 0.211879 0.482345 22.741682 0.000000 0.000000 0.000000 1.000000
0.498485 -0.015887 -0.866753 9.096389 -0.170906 0.978408 -0.116225 93.165100 0.849885 0.206070 0.485007 22.719612 0.000000 0.000000 0.000000 1.000000
0.496518 -0.013729 -0.867918 9.058882 -0.172403 0.978395 -0.114104 93.209526 0.850733 0.206286 0.483424 22.895912 0.000000 0.000000 0.000000 1.000000
0.490081 -0.014446 -0.871557 9.111469 -0.173443 0.978254 -0.113743 93.274940 0.854247 0.206909 0.476918 23.061953 0.000000 0.000000 0.000000 1.000000
0.479518 -0.017287 -0.877362 9.195122 -0.176204 0.977546 -0.115565 93.432388 0.859660 0.210010 0.465705 23.146996 0.000000 0.000000 0.000000 1.000000
0.471020 -0.018527 -0.881928 9.248952 -0.180767 0.976535 -0.117059 93.680641 0.863402 0.214561 0.456618 23.111185 0.000000 0.000000 0.000000 1.000000
0.468619 -0.017562 -0.883226 9.232193 -0.185193 0.975633 -0.117659 93.948227 0.863770 0.218705 0.453948 22.937176 0.000000 0.000000 0.000000 1.000000
0.468857 -0.019306 -0.883063 9.197341 -0.186394 0.975084 -0.120283 94.114807 0.863383 0.220993 0.453576 22.625021 0.000000 0.000000 0.000000 1.000000
0.468488 -0.022106 -0.883194 9.157157 -0.186373 0.974717 -0.123258 94.249405 0.863588 0.222348 0.452523 22.240963 0.000000 0.000000 0.000000 1.000000
0.469260 -0.025286 -0.882698 9.095053 -0.185134 0.974558 -0.126338 94.370667 0.863436 0.222703 0.452640 21.758770 0.000000 0.000000 0.000000 1.000000
0.470400 -0.028696 -0.881986 8.999885 -0.182552 0.974687 -0.129075 94.421066 0.863365 0.221725 0.453254 21.179890 0.000000 0.000000 0.000000 1.000000
0.471897 -0.032344 -0.881060 8.857780 -0.178917 0.975020 -0.131622 94.417389 0.863309 0.219749 0.454322 20.576344 0.000000 0.000000 0.000000 1.000000
0.474053 -0.036186 -0.879752 8.659881 -0.174109 0.975574 -0.133946 94.358574 0.863111 0.216670 0.456173 19.927574 0.000000 0.000000 0.000000 1.000000
0.476600 -0.040083 -0.878206 8.390154 -0.167473 0.976527 -0.135458 94.290230 0.863021 0.211635 0.458700 19.215584 0.000000 0.000000 0.000000 1.000000
0.480777 -0.045427 -0.875665 8.084785 -0.160526 0.977219 -0.138831 94.240227 0.862024 0.207313 0.462532 18.426067 0.000000 0.000000 0.000000 1.000000
0.488065 -0.050297 -0.871357 7.739829 -0.154182 0.977669 -0.142795 94.205643 0.859081 0.204041 0.469412 17.561728 0.000000 0.000000 0.000000 1.000000
0.497426 -0.054547 -0.865790 7.384172 -0.147789 0.978104 -0.146533 94.122345 0.854825 0.200843 0.478473 16.624205 0.000000 0.000000 0.000000 1.000000
0.507203 -0.058158 -0.859862 7.013306 -0.141720 0.978510 -0.149778 94.006264 0.850094 0.197828 0.488061 15.645033 0.000000 0.000000 0.000000 1.000000
0.517087 -0.062485 -0.853649 6.586085 -0.133309 0.979282 -0.152431 93.812561 0.845488 0.192619 0.498044 14.545629 0.000000 0.000000 0.000000 1.000000
0.528392 -0.067758 -0.846293 6.087873 -0.121583 0.980497 -0.154414 93.562439 0.840250 0.184486 0.509848 13.348475 0.000000 0.000000 0.000000 1.000000
0.541050 -0.072520 -0.837858 5.527833 -0.108039 0.982026 -0.154765 93.228500 0.834022 0.174256 0.523490 12.044881 0.000000 0.000000 0.000000 1.000000
0.557087 -0.074893 -0.827070 4.843924 -0.092794 0.984075 -0.151613 92.795609 0.825254 0.161209 0.541265 10.584526 0.000000 0.000000 0.000000 1.000000
0.577427 -0.074708 -0.813017 4.070244 -0.076430 0.986485 -0.144930 92.317757 0.812857 0.145826 0.563914 9.078923 0.000000 0.000000 0.000000 1.000000
0.600683 -0.072155 -0.796225 3.217742 -0.061926 0.988728 -0.136318 91.878380 0.797085 0.131191 0.589444 7.624158 0.000000 0.000000 0.000000 1.000000
0.622558 -0.069417 -0.779488 2.360024 -0.050007 0.990494 -0.128148 91.513153 0.780974 0.118759 0.613169 6.217318 0.000000 0.000000 0.000000 1.000000
0.635946 -0.069125 -0.768631 1.607547 -0.038164 0.991945 -0.120784 91.237595 0.770789 0.106147 0.628186 4.905193 0.000000 0.000000 0.000000 1.000000
0.641705 -0.069148 -0.763828 0.942301 -0.026799 0.993298 -0.112435 91.131981 0.766483 0.092620 0.635551 3.786934 0.000000 0.000000 0.000000 1.000000
0.643947 -0.068953 -0.761957 0.351726 -0.016492 0.994448 -0.103929 91.164078 0.764893 0.079491 0.639234 2.814863 0.000000 0.000000 0.000000 1.000000
0.645398 -0.067674 -0.760842 -0.207360 -0.005048 0.995668 -0.092843 91.332726 0.763830 0.063762 0.642261 2.063204 0.000000 0.000000 0.000000 1.000000
0.647990 -0.068061 -0.758602 -0.708549 0.006007 0.996425 -0.084267 91.535126 0.761625 0.050047 0.646082 1.458948 0.000000 0.000000 0.000000 1.000000
0.649828 -0.066591 -0.757158 -1.160745 0.015901 0.997128 -0.074049 91.714615 0.759915 0.036080 0.649021 0.996826 0.000000 0.000000 0.000000 1.000000
0.654873 -0.064289 -0.753000 -1.566467 0.025653 0.997692 -0.062870 91.841019 0.755303 0.021855 0.655011 0.671479 0.000000 0.000000 0.000000 1.000000
0.658892 -0.063473 -0.749555 -1.877265 0.034171 0.997931 -0.054468 91.933990 0.751461 0.010276 0.659698 0.473432 0.000000 0.000000 0.000000 1.000000
0.664089 -0.061929 -0.745085 -2.149014 0.040979 0.998081 -0.046432 91.962540 0.746530 0.000303 0.665352 0.344372 0.000000 0.000000 0.000000 1.000000
0.669907 -0.058646 -0.740125 -2.377145 0.045371 0.998246 -0.038033 91.938255 0.741057 -0.008102 0.671393 0.292367 0.000000 0.000000 0.000000 1.000000
0.673948 -0.055629 -0.736681 -2.513860 0.048224 0.998347 -0.031270 91.872604 0.737203 -0.014451 0.675517 0.306197 0.000000 0.000000 0.000000 1.000000
0.676899 -0.051773 -0.734253 -2.566064 0.048387 0.998495 -0.025798 91.769020 0.734484 -0.018066 0.678386 0.371228 0.000000 0.000000 0.000000 1.000000
0.679935 -0.047528 -0.731730 -2.601268 0.048098 0.998639 -0.020172 91.603088 0.731693 -0.021479 0.681296 0.477541 0.000000 0.000000 0.000000 1.000000
0.683039 -0.042923 -0.729119 -2.680038 0.047364 0.998774 -0.014426 91.331749 0.728844 -0.024680 0.684234 0.601154 0.000000 0.000000 0.000000 1.000000
0.686190 -0.037998 -0.726429 -2.740387 0.046215 0.998895 -0.008595 90.891510 0.725953 -0.027674 0.687188 0.752198 0.000000 0.000000 0.000000 1.000000
0.689366 -0.032800 -0.723670 -2.774075 0.044687 0.998997 -0.002711 90.310951 0.723034 -0.030470 0.690141 0.935139 0.000000 0.000000 0.000000 1.000000
0.692541 -0.027399 -0.720858 -2.719023 0.042849 0.999076 0.003192 89.703812 0.720105 -0.033099 0.693075 1.110696 0.000000 0.000000 0.000000 1.000000
0.695693 -0.021847 -0.718007 -2.608348 0.040748 0.999128 0.009081 89.258179 0.717183 -0.035575 0.695977 1.279261 0.000000 0.000000 0.000000 1.000000
0.698789 -0.016129 -0.715146 -2.489000 0.038632 0.999138 0.015214 88.850601 0.714284 -0.038259 0.698810 1.397393 0.000000 0.000000 0.000000 1.000000
0.701833 -0.010424 -0.712265 -2.315676 0.036185 0.999124 0.021033 88.606995 0.711422 -0.040535 0.701595 1.454581 0.000000 0.000000 0.000000 1.000000
0.704805 -0.004701 -0.709385 -2.126185 0.033579 0.999078 0.026741 88.641106 0.708606 -0.042668 0.704313 1.563310 0.000000 0.000000 0.000000 1.000000
0.707681 0.000971 -0.706531 -1.968076 0.030880 0.999001 0.032304 88.908295 0.705857 -0.044678 0.706944 1.547269 0.000000 0.000000 0.000000 1.000000
0.710445 0.006558 -0.703722 -1.690493 0.028111 0.998894 0.037689 89.314751 0.703191 -0.046559 0.709475 1.536514 0.000000 0.000000 0.000000 1.000000
0.713084 0.012036 -0.700975 -1.416997 0.025279 0.998761 0.042865 89.668518 0.700622 -0.048287 0.711897 1.481755 0.000000 0.000000 0.000000 1.000000
0.715586 0.017376 -0.698308 -1.224432 0.022398 0.998606 0.047800 89.801865 0.698165 -0.049846 0.714199 1.413143 0.000000 0.000000 0.000000 1.000000
0.717923 0.022472 -0.695760 -1.069214 0.019591 0.998431 0.052463 89.857315 0.695847 -0.051295 0.716356 1.404788 0.000000 0.000000 0.000000 1.000000
0.720083 0.027288 -0.693351 -0.910653 0.016885 0.998242 0.056822 89.872353 0.693683 -0.052624 0.718356 1.328192 0.000000 0.000000 0.000000 1.000000
0.722063 0.031793 -0.691096 -0.780401 0.014295 0.998045 0.060849 89.876656 0.691680 -0.053816 0.720197 1.178922 0.000000 0.000000 0.000000 1.000000
0.723852 0.035939 -0.689018 -0.655093 0.011865 0.997846 0.064513 89.862404 0.689853 -0.054873 0.721867 1.057964 0.000000 0.000000 0.000000 1.000000
0.725437 0.039674 -0.687144 -0.494279 0.009644 0.997653 0.067783 89.834892 0.688221 -0.055799 0.723352 0.853111 0.000000 0.000000 0.000000 1.000000
0.726804 0.042953 -0.685501 -0.345732 0.007670 0.997473 0.070632 89.794975 0.686802 -0.056594 0.724638 0.605313 0.000000 0.000000 0.000000 1.000000
0.727947 0.045735 -0.684107 -0.244453 0.005973 0.997312 0.073030 89.745163 0.685608 -0.057248 0.725717 0.419282 0.000000 0.000000 0.000000 1.000000
0.728856 0.047980 -0.682984 -0.183177 0.004587 0.997177 0.074946 89.688065 0.684652 -0.057758 0.726578 0.252223 0.000000 0.000000 0.000000 1.000000
0.729524 0.049659 -0.682150 -0.135385 0.003523 0.997075 0.076353 89.626328 0.683946 -0.058105 0.727215 0.135332 0.000000 0.000000 0.000000 1.000000
0.729936 0.050704 -0.681632 -0.094131 0.002853 0.997010 0.077219 89.561760 0.683510 -0.058310 0.727609 0.036735 0.000000 0.000000 0.000000 1.000000
0.730075 0.051042 -0.681458 -0.056212 0.002630 0.996989 0.077493 89.495811 0.683362 -0.058368 0.727743 -0.051680 0.000000 0.000000 0.000000 1.000000</float_array><technique_common><accessor source="#Hips-Matrix-animation-output-transform-array" count="99" stride="16"><param type="float4x4"/></accessor></technique_common></source><source id="Hips-Interpolations"><Name_array id="Hips-Interpolations-array" count="99">
 LINEAR LINEAR LINEAR LINEAR LINEAR LINEAR LINEAR LINEAR LINEAR LINEAR LINEAR
LINEAR LINEAR LINEAR LINEAR LINEAR LINEAR LINEAR LINEAR LINEAR LINEAR LINEAR LINEAR
LINEAR LINEAR LINEAR LINEAR LINEAR LINEAR LINEAR LINEAR LINEAR LINEAR LINEAR LINEAR
LINEAR LINEAR LINEAR LINEAR LINEAR LINEAR LINEAR LINEAR LINEAR LINEAR LINEAR LINEAR
LINEAR LINEAR LINEAR LINEAR LINEAR LINEAR LINEAR LINEAR LINEAR LINEAR LINEAR LINEAR
LINEAR LINEAR LINEAR LINEAR LINEAR LINEAR LINEAR LINEAR LINEAR LINEAR LINEAR LINEAR
LINEAR LINEAR LINEAR LINEAR LINEAR LINEAR LINEAR LINEAR LINEAR LINEAR LINEAR LINEAR
LINEAR LINEAR LINEAR LINEAR LINEAR LINEAR LINEAR LINEAR LINEAR LINEAR LINEAR LINEAR
LINEAR LINEAR LINEAR LINEAR</Name_array><technique_common><accessor source="#Hips-Interpolations-array" count="99"><param type="name"/></accessor></technique_common></source><sampler id="Hips-Matrix-animation-transform"><input semantic="INPUT" source="#Hips-Matrix-animation-input"/><input semantic="OUTPUT" source="#Hips-Matrix-animation-output-transform"/><input semantic="INTERPOLATION" source="#Hips-Interpolations"/></sampler><channel source="#Hips-Matrix-animation-transform" target="Hips/matrix"/></animation>
    <animation id="Spine-anim" name="Spine"><source id="Spine-Matrix-animation-input"><float_array id="Spine-Matrix-animation-input-array" count="99">

0.000000 0.033333 0.066667 0.100000 0.133333 0.166667 0.200000 0.233333 0.266667 0.300000 0.333333 0.366667 0.400000 0.433333 0.466667 0.500000
0.533333 0.566667 0.600000 0.633333 0.666667 0.700000 0.733333 0.766667 0.800000 0.833333 0.866667 0.900000 0.933333 0.966667 1.000000 1.033333
1.066667 1.100000 1.133333 1.166667 1.200000 1.233333 1.266667 1.300000 1.333333 1.366667 1.400000 1.433333 1.466667 1.500000 1.533333 1.566667
1.600000 1.633333 1.666667 1.700000 1.733333 1.766667 1.800000 1.833333 1.866667 1.900000 1.933333 1.966667 2.000000 2.033333 2.066667 2.100000
2.133333 2.166667 2.200000 2.233333 2.266667 2.300000 2.333333 2.366667 2.400000 2.433333 2.466667 2.500000 2.533333 2.566667 2.600000 2.633333
2.666667 2.700000 2.733333 2.766667 2.800000 2.833333 2.866667 2.900000 2.933333 2.966667 3.000000 3.033333 3.066667 3.100000 3.133333 3.166667
3.200000 3.233333 3.266667</float_array><technique_common><accessor source="#Spine-Matrix-animation-input-array" count="99"><param name="TIME" type="float"/></accessor></technique_common></source><source id="Spine-Matrix-animation-output-transform"><float_array id="Spine-Matrix-animation-output-transform-array" count="1584">

0.996588 0.021901 0.079582 0.000000 -0.013770 0.994758 -0.101328 9.226300 -0.081384 0.099887 0.991665 1.577100 0.000000 0.000000 0.000000 1.000000
0.996588 0.021901 0.079582 0.000000 -0.013770 0.994758 -0.101328 9.226300 -0.081384 0.099887 0.991665 1.577100 0.000000 0.000000 0.000000 1.000000
0.996615 0.021638 0.079317 -0.000000 -0.013524 0.994749 -0.101446 9.226300 -0.081096 0.100030 0.991674 1.577100 0.000000 0.000000 0.000000 1.000000
0.996681 0.021145 0.078618 0.000000 -0.013082 0.994729 -0.101700 9.226300 -0.080354 0.100334 0.991704 1.577100 0.000000 0.000000 0.000000 1.000000
0.996732 0.020549 0.078126 0.000000 -0.012493 0.994682 -0.102230 9.226300 -0.079812 0.100920 0.991688 1.577100 0.000000 0.000000 0.000000 1.000000
0.996719 0.019980 0.078430 0.000000 -0.011840 0.994619 -0.102919 9.226300 -0.080065 0.101653 0.991593 1.577100 0.000000 0.000000 0.000000 1.000000
0.996683 0.019684 0.078961 0.000000 -0.011427 0.994543 -0.103696 9.226300 -0.080571 0.102450 0.991470 1.577100 0.000000 0.000000 0.000000 1.000000
0.996691 0.020077 0.078772 0.000000 -0.011770 0.994452 -0.104529 9.226300 -0.080433 0.103256 0.991397 1.577100 0.000000 0.000000 0.000000 1.000000
0.996678 0.021011 0.078689 0.000000 -0.012624 0.994329 -0.105599 9.226300 -0.080462 0.104255 0.991291 1.577100 0.000000 0.000000 0.000000 1.000000
0.996651 0.022284 0.078682 0.000000 -0.013795 0.994183 -0.106821 9.226300 -0.080605 0.105378 0.991160 1.577100 0.000000 0.000000 0.000000 1.000000
0.996609 0.023984 0.078713 -0.000000 -0.015390 0.994029 -0.108023 9.226300 -0.080834 0.106445 0.991027 1.577100 0.000000 0.000000 0.000000 1.000000
0.996511 0.025930 0.079336 0.000000 -0.017160 0.993860 -0.109302 9.226300 -0.081683 0.107559 0.990837 1.577100 0.000000 0.000000 0.000000 1.000000
0.996427 0.028599 0.079474 0.000000 -0.019660 0.993620 -0.111054 9.226300 -0.082143 0.109095 0.990632 1.577100 0.000000 0.000000 0.000000 1.000000
0.996458 0.031010 0.078168 0.000000 -0.022087 0.993402 -0.112538 9.226300 -0.081142 0.110413 0.990568 1.577100 0.000000 0.000000 0.000000 1.000000
0.996435 0.033792 0.077298 0.000000 -0.024993 0.993384 -0.112086 9.226300 -0.080574 0.109755 0.990687 1.577100 0.000000 0.000000 0.000000 1.000000
0.996453 0.035849 0.076140 0.000000 -0.027139 0.993281 -0.112500 9.226300 -0.079661 0.110035 0.990730 1.577100 0.000000 0.000000 0.000000 1.000000
0.996553 0.037256 0.074116 -0.000000 -0.028670 0.993100 -0.113714 9.226300 -0.077841 0.111197 0.990745 1.577100 0.000000 0.000000 0.000000 1.000000
0.996760 0.037774 0.071007 0.000000 -0.029473 0.992983 -0.114526 9.226300 -0.074835 0.112063 0.990879 1.577100 0.000000 0.000000 0.000000 1.000000
0.996954 0.037152 0.068575 0.000000 -0.029068 0.992902 -0.115332 9.226300 -0.072373 0.112988 0.990957 1.577100 0.000000 0.000000 0.000000 1.000000
0.997054 0.036267 0.067588 -0.000000 -0.028262 0.992866 -0.115836 9.226300 -0.071307 0.113584 0.990966 1.577100 0.000000 0.000000 0.000000 1.000000
0.997127 0.035641 0.066833 -0.000000 -0.027663 0.992781 -0.116708 9.226300 -0.070510 0.114524 0.990915 1.577100 0.000000 0.000000 0.000000 1.000000
0.997181 0.035275 0.066217 0.000000 -0.027354 0.992764 -0.116927 9.226300 -0.069863 0.114786 0.990931 1.577100 0.000000 0.000000 0.000000 1.000000
0.997212 0.035196 0.065797 -0.000000 -0.027310 0.992741 -0.117127 9.226300 -0.069442 0.115003 0.990935 1.577100 0.000000 0.000000 0.000000 1.000000
0.997162 0.036460 0.065872 -0.000000 -0.028553 0.992694 -0.117228 9.226300 -0.069665 0.115014 0.990918 1.577100 0.000000 0.000000 0.000000 1.000000
0.997137 0.036892 0.066012 0.000000 -0.028990 0.992722 -0.116889 9.226300 -0.069844 0.114640 0.990949 1.577100 0.000000 0.000000 0.000000 1.000000
0.997142 0.036721 0.066020 -0.000000 -0.028830 0.992745 -0.116732 9.226300 -0.069828 0.114495 0.990967 1.577100 0.000000 0.000000 0.000000 1.000000
0.997120 0.037736 0.065788 0.000000 -0.029870 0.992718 -0.116701 9.226300 -0.069713 0.114400 0.990986 1.577100 0.000000 0.000000 0.000000 1.000000
0.997132 0.039281 0.064687 -0.000000 -0.031555 0.992700 -0.116408 9.226300 -0.068787 0.114033 0.991093 1.577100 0.000000 0.000000 0.000000 1.000000
0.997187 0.038243 0.064471 -0.000000 -0.030563 0.992761 -0.116155 9.226300 -0.068447 0.113857 0.991136 1.577100 0.000000 0.000000 0.000000 1.000000
0.997157 0.037650 0.065273 0.000000 -0.029880 0.992779 -0.116174 9.226300 -0.069176 0.113894 0.991082 1.577100 0.000000 0.000000 0.000000 1.000000
0.997076 0.037322 0.066688 0.000000 -0.029422 0.992842 -0.115754 9.226300 -0.070531 0.113453 0.991037 1.577100 0.000000 0.000000 0.000000 1.000000
0.996955 0.037382 0.068433 -0.000000 -0.029367 0.992979 -0.114589 9.226300 -0.072236 0.112230 0.991053 1.577100 0.000000 0.000000 0.000000 1.000000
0.996852 0.037441 0.069895 0.000000 -0.029394 0.993182 -0.112804 9.226300 -0.073641 0.110394 0.991156 1.577100 0.000000 0.000000 0.000000 1.000000
0.996705 0.038068 0.071620 -0.000000 -0.029961 0.993363 -0.111049 9.226300 -0.075373 0.108537 0.991231 1.577100 0.000000 0.000000 0.000000 1.000000
0.996528 0.039713 0.073170 -0.000000 -0.031438 0.993327 -0.110968 9.226300 -0.077088 0.108283 0.991127 1.577100 0.000000 0.000000 0.000000 1.000000
0.996568 0.040573 0.072152 -0.000000 -0.032341 0.993203 -0.111811 9.226300 -0.076198 0.109093 0.991107 1.577100 0.000000 0.000000 0.000000 1.000000
0.996863 0.041151 0.067614 -0.000000 -0.033373 0.993104 -0.112391 9.226300 -0.071773 0.109782 0.991361 1.577100 0.000000 0.000000 0.000000 1.000000
0.997098 0.043008 0.062824 0.000000 -0.035712 0.992958 -0.112956 9.226300 -0.067239 0.110384 0.991612 1.577100 0.000000 0.000000 0.000000 1.000000
0.997196 0.046316 0.058777 -0.000000 -0.039396 0.992715 -0.113864 9.226300 -0.063623 0.111229 0.991756 1.577100 0.000000 0.000000 0.000000 1.000000
0.997093 0.049307 0.058093 -0.000000 -0.042414 0.992525 -0.114438 9.226300 -0.063301 0.111641 0.991730 1.577100 0.000000 0.000000 0.000000 1.000000
0.996989 0.049225 0.059914 0.000000 -0.042089 0.992469 -0.115042 9.226300 -0.065126 0.112174 0.991552 1.577100 0.000000 0.000000 0.000000 1.000000
0.996871 0.049109 0.061946 -0.000000 -0.041747 0.992489 -0.114994 9.226300 -0.067128 0.112048 0.991433 1.577100 0.000000 0.000000 0.000000 1.000000
0.996798 0.048826 0.063331 0.000000 -0.041372 0.992608 -0.114093 9.226300 -0.068433 0.111108 0.991449 1.577100 0.000000 0.000000 0.000000 1.000000
0.996775 0.047976 0.064331 -0.000000 -0.040466 0.992731 -0.113347 9.226300 -0.069302 0.110378 0.991471 1.577100 0.000000 0.000000 0.000000 1.000000
0.996855 0.046688 0.064037 -0.000000 -0.039236 0.992814 -0.113057 9.226300 -0.068855 0.110189 0.991523 1.577100 0.000000 0.000000 0.000000 1.000000
0.996929 0.046288 0.063172 0.000000 -0.038970 0.992885 -0.112522 9.226300 -0.067931 0.109715 0.991639 1.577100 0.000000 0.000000 0.000000 1.000000
0.996990 0.046227 0.062239 0.000000 -0.039046 0.992938 -0.112023 9.226300 -0.066978 0.109255 0.991755 1.577100 0.000000 0.000000 0.000000 1.000000
0.997005 0.046375 0.061888 0.000000 -0.039247 0.992956 -0.111792 9.226300 -0.066637 0.109028 0.991803 1.577100 0.000000 0.000000 0.000000 1.000000
0.996957 0.047064 0.062151 -0.000000 -0.039900 0.992923 -0.111854 9.226300 -0.066975 0.109034 0.991779 1.577100 0.000000 0.000000 0.000000 1.000000
0.996887 0.047650 0.062808 0.000000 -0.040419 0.992912 -0.111766 9.226300 -0.067689 0.108879 0.991748 1.577100 0.000000 0.000000 0.000000 1.000000
0.996807 0.048323 0.063564 -0.000000 -0.041020 0.992910 -0.111567 9.226300 -0.068505 0.108604 0.991722 1.577100 0.000000 0.000000 0.000000 1.000000
0.996686 0.049692 0.064397 -0.000000 -0.042294 0.992859 -0.111548 9.226300 -0.069480 0.108455 0.991670 1.577100 0.000000 0.000000 0.000000 1.000000
0.996597 0.050830 0.064890 0.000000 -0.043403 0.992857 -0.111137 9.226300 -0.070075 0.107942 0.991684 1.577100 0.000000 0.000000 0.000000 1.000000
0.996600 0.050902 0.064793 0.000000 -0.043517 0.992902 -0.110685 9.226300 -0.069967 0.107490 0.991741 1.577100 0.000000 0.000000 0.000000 1.000000
0.996653 0.050227 0.064499 -0.000000 -0.042886 0.992944 -0.110554 9.226300 -0.069597 0.107418 0.991775 1.577100 0.000000 0.000000 0.000000 1.000000
0.996691 0.048948 0.064889 -0.000000 -0.041580 0.993016 -0.110408 9.226300 -0.069840 0.107345 0.991766 1.577100 0.000000 0.000000 0.000000 1.000000
0.996712 0.048022 0.065264 0.000000 -0.040625 0.993069 -0.110291 9.226300 -0.070108 0.107277 0.991754 1.577100 0.000000 0.000000 0.000000 1.000000
0.996708 0.047550 0.065662 0.000000 -0.040117 0.993099 -0.110207 9.226300 -0.070449 0.107210 0.991737 1.577100 0.000000 0.000000 0.000000 1.000000
0.996748 0.047118 0.065376 0.000000 -0.039711 0.993103 -0.110317 9.226300 -0.070123 0.107362 0.991744 1.577100 0.000000 0.000000 0.000000 1.000000
0.996861 0.046183 0.064301 -0.000000 -0.038859 0.993079 -0.110835 9.226300 -0.068974 0.107989 0.991757 1.577100 0.000000 0.000000 0.000000 1.000000
0.997015 0.044350 0.063197 -0.000000 -0.037099 0.993057 -0.111628 9.226300 -0.067709 0.108950 0.991739 1.577100 0.000000 0.000000 0.000000 1.000000
0.997208 0.041328 0.062202 -0.000000 -0.034181 0.993135 -0.111869 9.226300 -0.066398 0.109431 0.991774 1.577100 0.000000 0.000000 0.000000 1.000000
0.997385 0.037325 0.061888 0.000000 -0.030277 0.993341 -0.111158 9.226300 -0.065625 0.108993 0.991874 1.577100 0.000000 0.000000 0.000000 1.000000
0.997446 0.034480 0.062548 -0.000000 -0.027451 0.993558 -0.109952 9.226300 -0.065936 0.107954 0.991967 1.577100 0.000000 0.000000 0.000000 1.000000
0.997420 0.032424 0.064046 -0.000000 -0.025310 0.993728 -0.108918 9.226300 -0.067176 0.107016 0.991985 1.577100 0.000000 0.000000 0.000000 1.000000
0.997345 0.030637 0.066063 -0.000000 -0.023387 0.993893 -0.107845 9.226300 -0.068963 0.106014 0.991970 1.577100 0.000000 0.000000 0.000000 1.000000
0.997278 0.029787 0.067450 0.000000 -0.022416 0.993950 -0.107517 9.226300 -0.070244 0.105713 0.991913 1.577100 0.000000 0.000000 0.000000 1.000000
0.997217 0.029567 0.068438 0.000000 -0.022151 0.994046 -0.106682 9.226300 -0.071185 0.104869 0.991935 1.577100 0.000000 0.000000 0.000000 1.000000
0.997139 0.029293 0.069681 0.000000 -0.021786 0.994112 -0.106146 9.226300 -0.072380 0.104324 0.991906 1.577100 0.000000 0.000000 0.000000 1.000000
0.997127 0.028683 0.070110 -0.000000 -0.021158 0.994161 -0.105813 9.226300 -0.072736 0.104025 0.991911 1.577100 0.000000 0.000000 0.000000 1.000000
0.997094 0.028191 0.070775 0.000000 -0.020652 0.994249 -0.105078 9.226300 -0.073330 0.103311 0.991942 1.577100 0.000000 0.000000 0.000000 1.000000
0.997080 0.027715 0.071158 0.000000 -0.020201 0.994349 -0.104216 9.226300 -0.073645 0.102474 0.992006 1.577100 0.000000 0.000000 0.000000 1.000000
0.997077 0.027059 0.071456 0.000000 -0.019569 0.994436 -0.103513 9.226300 -0.073860 0.101812 0.992058 1.577100 0.000000 0.000000 0.000000 1.000000
0.997039 0.026437 0.072210 0.000000 -0.018925 0.994521 -0.102807 9.226300 -0.074532 0.101136 0.992077 1.577100 0.000000 0.000000 0.000000 1.000000
0.996985 0.025220 0.073378 0.000000 -0.017660 0.994637 -0.101912 9.226300 -0.075554 0.100309 0.992083 1.577100 0.000000 0.000000 0.000000 1.000000
0.996931 0.024314 0.074415 0.000000 -0.016707 0.994727 -0.101190 9.226300 -0.076483 0.099636 0.992080 1.577100 0.000000 0.000000 0.000000 1.000000
0.996873 0.024056 0.075274 0.000000 -0.016452 0.994845 -0.100063 9.226300 -0.077293 0.098511 0.992130 1.577100 0.000000 0.000000 0.000000 1.000000
0.996820 0.023938 0.076012 -0.000000 -0.016380 0.994999 -0.098533 9.226300 -0.077991 0.096974 0.992227 1.577100 0.000000 0.000000 0.000000 1.000000
0.996775 0.023803 0.076641 0.000000 -0.016320 0.995168 -0.096819 9.226300 -0.078576 0.095256 0.992347 1.577100 0.000000 0.000000 0.000000 1.000000
0.996741 0.023422 0.077188 -0.000000 -0.015996 0.995306 -0.095448 9.226300 -0.079061 0.093902 0.992437 1.577100 0.000000 0.000000 0.000000 1.000000
0.996714 0.023239 0.077596 0.000000 -0.015853 0.995401 -0.094471 9.226300 -0.079434 0.092931 0.992499 1.577100 0.000000 0.000000 0.000000 1.000000
0.996681 0.023721 0.077868 0.000000 -0.016370 0.995463 -0.093728 9.226300 -0.079738 0.092143 0.992548 1.577100 0.000000 0.000000 0.000000 1.000000
0.996657 0.023914 0.078127 0.000000 -0.016545 0.995468 -0.093642 9.226300 -0.080012 0.092036 0.992536 1.577100 0.000000 0.000000 0.000000 1.000000
0.996640 0.023870 0.078348 0.000000 -0.016491 0.995481 -0.093515 9.226300 -0.080226 0.091909 0.992530 1.577100 0.000000 0.000000 0.000000 1.000000
0.996617 0.024541 0.078435 -0.000000 -0.017080 0.995387 -0.094412 9.226300 -0.080391 0.092752 0.992439 1.577100 0.000000 0.000000 0.000000 1.000000
0.996614 0.023957 0.078653 0.000000 -0.016330 0.995226 -0.096219 9.226300 -0.080583 0.094609 0.992248 1.577100 0.000000 0.000000 0.000000 1.000000
0.996614 0.023267 0.078865 -0.000000 -0.015478 0.995069 -0.097970 9.226300 -0.080756 0.096417 0.992060 1.577100 0.000000 0.000000 0.000000 1.000000
0.996606 0.023283 0.078962 0.000000 -0.015438 0.995013 -0.098547 9.226300 -0.080863 0.096994 0.991995 1.577100 0.000000 0.000000 0.000000 1.000000
0.996600 0.023121 0.079086 -0.000000 -0.015303 0.995061 -0.098075 9.226300 -0.080963 0.096532 0.992032 1.577100 0.000000 0.000000 0.000000 1.000000
0.996591 0.023156 0.079188 0.000000 -0.015390 0.995136 -0.097305 9.226300 -0.081056 0.095754 0.992099 1.577100 0.000000 0.000000 0.000000 1.000000
0.996579 0.023600 0.079210 0.000000 -0.015854 0.995155 -0.097035 9.226300 -0.081117 0.095447 0.992124 1.577100 0.000000 0.000000 0.000000 1.000000
0.996573 0.023684 0.079253 0.000000 -0.015927 0.995145 -0.097123 9.226300 -0.081169 0.095528 0.992112 1.577100 0.000000 0.000000 0.000000 1.000000
0.996573 0.023438 0.079324 0.000000 -0.015583 0.995041 -0.098236 9.226300 -0.081234 0.096664 0.991997 1.577100 0.000000 0.000000 0.000000 1.000000
0.996577 0.022955 0.079421 0.000000 -0.014976 0.994912 -0.099632 9.226300 -0.081304 0.098102 0.991850 1.577100 0.000000 0.000000 0.000000 1.000000
0.996582 0.022392 0.079516 -0.000000 -0.014324 0.994822 -0.100618 9.226300 -0.081357 0.099136 0.991742 1.577100 0.000000 0.000000 0.000000 1.000000
0.996584 0.022104 0.079570 -0.000000 -0.013981 0.994764 -0.101242 9.226300 -0.081391 0.099783 0.991675 1.577100 0.000000 0.000000 0.000000 1.000000
0.996586 0.021888 0.079602 0.000000 -0.013753 0.994757 -0.101340 9.226300 -0.081403 0.099899 0.991662 1.577100 0.000000 0.000000 0.000000 1.000000
0.996587 0.021715 0.079639 -0.000000 -0.013590 0.994775 -0.101181 9.226300 -0.081420 0.099754 0.991675 1.577100 0.000000 0.000000 0.000000 1.000000
0.996589 0.021640 0.079641 -0.000000 -0.013505 0.994764 -0.101307 9.226300 -0.081417 0.099886 0.991662 1.577100 0.000000 0.000000 0.000000 1.000000</float_array><technique_common><accessor source="#Spine-Matrix-animation-output-transform-array" count="99" stride="16"><param type="float4x4"/></accessor></technique_common></source><source id="Spine-Interpolations"><Name_array id="Spine-Interpolations-array" count="99">
 LINEAR LINEAR LINEAR LINEAR LINEAR LINEAR LINEAR LINEAR LINEAR LINEAR LINEAR
LINEAR LINEAR LINEAR LINEAR LINEAR LINEAR LINEAR LINEAR LINEAR LINEAR LINEAR LINEAR
LINEAR LINEAR LINEAR LINEAR LINEAR LINEAR LINEAR LINEAR LINEAR LINEAR LINEAR LINEAR
LINEAR LINEAR LINEAR LINEAR LINEAR LINEAR LINEAR LINEAR LINEAR LINEAR LINEAR LINEAR
LINEAR LINEAR LINEAR LINEAR LINEAR LINEAR LINEAR LINEAR LINEAR LINEAR LINEAR LINEAR
LINEAR LINEAR LINEAR LINEAR LINEAR LINEAR LINEAR LINEAR LINEAR LINEAR LINEAR LINEAR
LINEAR LINEAR LINEAR LINEAR LINEAR LINEAR LINEAR LINEAR LINEAR LINEAR LINEAR LINEAR
LINEAR LINEAR LINEAR LINEAR LINEAR LINEAR LINEAR LINEAR LINEAR LINEAR LINEAR LINEAR
LINEAR LINEAR LINEAR LINEAR</Name_array><technique_common><accessor source="#Spine-Interpolations-array" count="99"><param type="name"/></accessor></technique_common></source><sampler id="Spine-Matrix-animation-transform"><input semantic="INPUT" source="#Spine-Matrix-animation-input"/><input semantic="OUTPUT" source="#Spine-Matrix-animation-output-transform"/><input semantic="INTERPOLATION" source="#Spine-Interpolations"/></sampler><channel source="#Spine-Matrix-animation-transform" target="Spine/matrix"/></animation>
    <animation id="Spine1-anim" name="Spine1"><source id="Spine1-Matrix-animation-input"><float_array id="Spine1-Matrix-animation-input-array" count="99">

0.000000 0.033333 0.066667 0.100000 0.133333 0.166667 0.200000 0.233333 0.266667 0.300000 0.333333 0.366667 0.400000 0.433333 0.466667 0.500000
0.533333 0.566667 0.600000 0.633333 0.666667 0.700000 0.733333 0.766667 0.800000 0.833333 0.866667 0.900000 0.933333 0.966667 1.000000 1.033333
1.066667 1.100000 1.133333 1.166667 1.200000 1.233333 1.266667 1.300000 1.333333 1.366667 1.400000 1.433333 1.466667 1.500000 1.533333 1.566667
1.600000 1.633333 1.666667 1.700000 1.733333 1.766667 1.800000 1.833333 1.866667 1.900000 1.933333 1.966667 2.000000 2.033333 2.066667 2.100000
2.133333 2.166667 2.200000 2.233333 2.266667 2.300000 2.333333 2.366667 2.400000 2.433333 2.466667 2.500000 2.533333 2.566667 2.600000 2.633333
2.666667 2.700000 2.733333 2.766667 2.800000 2.833333 2.866667 2.900000 2.933333 2.966667 3.000000 3.033333 3.066667 3.100000 3.133333 3.166667
3.200000 3.233333 3.266667</float_array><technique_common><accessor source="#Spine1-Matrix-animation-input-array" count="99"><param name="TIME" type="float"/></accessor></technique_common></source><source id="Spine1-Matrix-animation-output-transform"><float_array id="Spine1-Matrix-animation-output-transform-array" count="1584">

0.986151 0.053517 0.156981 -0.000000 -0.020882 0.979041 -0.202591 16.254000 -0.164533 0.196507 0.966599 -0.165600 0.000000 0.000000 0.000000 1.000000
0.986151 0.053517 0.156981 -0.000000 -0.020882 0.979041 -0.202591 16.254000 -0.164533 0.196507 0.966599 -0.165600 0.000000 0.000000 0.000000 1.000000
0.986253 0.053069 0.156486 0.000000 -0.020499 0.979003 -0.202811 16.254000 -0.163963 0.196815 0.966633 -0.165600 0.000000 0.000000 0.000000 1.000000
0.986509 0.052257 0.155140 0.000000 -0.019884 0.978916 -0.203295 16.254000 -0.162493 0.197468 0.966749 -0.165600 0.000000 0.000000 0.000000 1.000000
0.986708 0.051309 0.154194 0.000000 -0.018965 0.978721 -0.204316 16.254000 -0.161396 0.198676 0.966685 -0.165600 0.000000 0.000000 0.000000 1.000000
0.986652 0.050551 0.154799 0.000000 -0.017865 0.978462 -0.205654 16.254000 -0.161861 0.200144 0.966304 -0.165600 0.000000 0.000000 0.000000 1.000000
0.986500 0.050397 0.155815 0.000000 -0.017246 0.978149 -0.207190 16.254000 -0.162852 0.201706 0.965813 -0.165600 0.000000 0.000000 0.000000 1.000000
0.986519 0.051512 0.155329 0.000000 -0.018166 0.977771 -0.208885 16.254000 -0.162636 0.203247 0.965526 -0.165600 0.000000 0.000000 0.000000 1.000000
0.986457 0.053725 0.154973 -0.000000 -0.020062 0.977262 -0.211085 16.254000 -0.162790 0.205118 0.965104 -0.165600 0.000000 0.000000 0.000000 1.000000
0.986338 0.056599 0.154706 0.000000 -0.022540 0.976660 -0.213606 16.254000 -0.163185 0.207200 0.964593 -0.165600 0.000000 0.000000 0.000000 1.000000
0.986159 0.060310 0.154442 0.000000 -0.025844 0.976026 -0.216116 16.254000 -0.163773 0.209134 0.964076 -0.165600 0.000000 0.000000 0.000000 1.000000
0.985759 0.064607 0.155259 0.000000 -0.029461 0.975324 -0.218803 16.254000 -0.165564 0.211113 0.963338 -0.165600 0.000000 0.000000 0.000000 1.000000
0.985416 0.070294 0.154967 -0.000000 -0.034519 0.974330 -0.222465 16.254000 -0.166626 0.213871 0.962546 -0.165600 0.000000 0.000000 0.000000 1.000000
0.985529 0.075338 0.151847 -0.000000 -0.039658 0.973420 -0.225566 16.254000 -0.164804 0.216280 0.962321 -0.165600 0.000000 0.000000 0.000000 1.000000
0.985431 0.081070 0.149511 0.000000 -0.045946 0.973293 -0.224922 16.254000 -0.163753 0.214776 0.962838 -0.165600 0.000000 0.000000 0.000000 1.000000
0.985500 0.085403 0.146615 -0.000000 -0.050698 0.972830 -0.225902 16.254000 -0.161924 0.215193 0.963054 -0.165600 0.000000 0.000000 0.000000 1.000000
0.985905 0.088384 0.142053 -0.000000 -0.054239 0.972063 -0.228367 16.254000 -0.158268 0.217443 0.963156 -0.165600 0.000000 0.000000 0.000000 1.000000
0.986733 0.089473 0.135473 0.000000 -0.056525 0.971558 -0.229956 16.254000 -0.152194 0.219248 0.963726 -0.165600 0.000000 0.000000 0.000000 1.000000
0.987513 0.088286 0.130475 0.000000 -0.056248 0.971218 -0.231458 16.254000 -0.147154 0.221229 0.964056 -0.165600 0.000000 0.000000 0.000000 1.000000
0.987935 0.086479 0.128478 0.000000 -0.054786 0.971085 -0.232364 16.254000 -0.144857 0.222522 0.964106 -0.165600 0.000000 0.000000 0.000000 1.000000
0.988269 0.084842 0.126992 -0.000000 -0.053275 0.970782 -0.233976 16.254000 -0.143132 0.224465 0.963913 -0.165600 0.000000 0.000000 0.000000 1.000000
